
"""
점화식 세우기
전체 화폐 가치 : i , 최소한의 화폐 개수 : a(i), 화페의 단위 : k
a(i-k)를 만드는 방법이 존재하는 경우 : a(i)=min(a(i),a(i-k)+1)
a(i-k)를 만드는 방법이 존재하지 않는 경우, a(i)=10,001
"""


#풀다 포기한 내코드

n,m=map(int,input('화폐의 종류와 전체 화폐의 가치를 입력해주세요. : ').split())
array=sorted([int(input('각 화폐의 가치를 입력해주세요. : ')) for i in range(n)], reverse=True)


count=0
for i in range(n):
    if m>=array[i]:
        count+=m//array[i]
        m-=(m//array[i])*array[i]
        if m%array[i]==0:
            print(count)
            break
    

#-----------------------------------------------------------------------------
#동빈님 코드 공부해서 그대로 쓰기

n,m=map(int,input('화폐의 종류와 전체 화폐의 가치를 입력해주세요. : ').split())
array=[int(input('각 화폐의 가치를 입력해주세요. : ')) for i in range(n)]


d=[10001]*(m+1)

d[0]=0
for i in range(n):
    for j in range(array[i],m+1):
        d[j]=min(d[j],d[j-array[i]]+1)       #d[j]-array[i]+1 로 잘못 표기
        print(d)        

if d[m]==10001:
    print(-1)
else:
    print(d[m])
    
    """
화폐의 종류와 전체 화폐의 가치를 입력해주세요. : 3 4

각 화폐의 가치를 입력해주세요. : 2

각 화폐의 가치를 입력해주세요. : 3


비정상(for j in range(m+1):)
[0, 10001, 10001, 10001, 10001, 10001, 10001, 10001, 10001, 10001, 10001, 10001, 10001, 10001, 10001, 10001]
[0, 10001, 10001, 10001, 10001, 10001, 10001, 10001, 10001, 10001, 10001, 10001, 10001, 10001, 10001, 10001]
[0, 10001, 1, 10001, 10001, 10001, 10001, 10001, 10001, 10001, 10001, 10001, 10001, 10001, 10001, 10001]
[0, 10001, 1, 10001, 10001, 10001, 10001, 10001, 10001, 10001, 10001, 10001, 10001, 10001, 10001, 10001]
[0, 10001, 1, 10001, 2, 10001, 10001, 10001, 10001, 10001, 10001, 10001, 10001, 10001, 10001, 10001]
[0, 10001, 1, 10001, 2, 10001, 10001, 10001, 10001, 10001, 10001, 10001, 10001, 10001, 10001, 10001]
[0, 10001, 1, 10001, 2, 10001, 3, 10001, 10001, 10001, 10001, 10001, 10001, 10001, 10001, 10001]
[0, 10001, 1, 10001, 2, 10001, 3, 10001, 10001, 10001, 10001, 10001, 10001, 10001, 10001, 10001]
[0, 10001, 1, 10001, 2, 10001, 3, 10001, 4, 10001, 10001, 10001, 10001, 10001, 10001, 10001]
[0, 10001, 1, 10001, 2, 10001, 3, 10001, 4, 10001, 10001, 10001, 10001, 10001, 10001, 10001]
[0, 10001, 1, 10001, 2, 10001, 3, 10001, 4, 10001, 5, 10001, 10001, 10001, 10001, 10001]
[0, 10001, 1, 10001, 2, 10001, 3, 10001, 4, 10001, 5, 10001, 10001, 10001, 10001, 10001]
[0, 10001, 1, 10001, 2, 10001, 3, 10001, 4, 10001, 5, 10001, 6, 10001, 10001, 10001]
[0, 10001, 1, 10001, 2, 10001, 3, 10001, 4, 10001, 5, 10001, 6, 10001, 10001, 10001]
[0, 10001, 1, 10001, 2, 10001, 3, 10001, 4, 10001, 5, 10001, 6, 10001, 7, 10001]
[0, 10001, 1, 10001, 2, 10001, 3, 10001, 4, 10001, 5, 10001, 6, 10001, 7, 10001]
[0, 10001, 1, 10001, 2, 10001, 3, 10001, 4, 10001, 5, 10001, 6, 10001, 7, 10001]
[0, 8, 1, 10001, 2, 10001, 3, 10001, 4, 10001, 5, 10001, 6, 10001, 7, 10001]
[0, 8, 1, 10001, 2, 10001, 3, 10001, 4, 10001, 5, 10001, 6, 10001, 7, 10001]
[0, 8, 1, 1, 2, 10001, 3, 10001, 4, 10001, 5, 10001, 6, 10001, 7, 10001]
[0, 8, 1, 1, 2, 10001, 3, 10001, 4, 10001, 5, 10001, 6, 10001, 7, 10001]
[0, 8, 1, 1, 2, 2, 3, 10001, 4, 10001, 5, 10001, 6, 10001, 7, 10001]
[0, 8, 1, 1, 2, 2, 2, 10001, 4, 10001, 5, 10001, 6, 10001, 7, 10001]
[0, 8, 1, 1, 2, 2, 2, 3, 4, 10001, 5, 10001, 6, 10001, 7, 10001]
[0, 8, 1, 1, 2, 2, 2, 3, 3, 10001, 5, 10001, 6, 10001, 7, 10001]
[0, 8, 1, 1, 2, 2, 2, 3, 3, 3, 5, 10001, 6, 10001, 7, 10001]
[0, 8, 1, 1, 2, 2, 2, 3, 3, 3, 4, 10001, 6, 10001, 7, 10001]
[0, 8, 1, 1, 2, 2, 2, 3, 3, 3, 4, 4, 6, 10001, 7, 10001]
[0, 8, 1, 1, 2, 2, 2, 3, 3, 3, 4, 4, 4, 10001, 7, 10001]
[0, 8, 1, 1, 2, 2, 2, 3, 3, 3, 4, 4, 4, 5, 7, 10001]
[0, 8, 1, 1, 2, 2, 2, 3, 3, 3, 4, 4, 4, 5, 5, 10001]
[0, 8, 1, 1, 2, 2, 2, 3, 3, 3, 4, 4, 4, 5, 5, 5]
5

정상(for j in range(array[i],m+1):)
[0, 10001, 1, 10001, 10001, 10001, 10001, 10001, 10001, 10001, 10001, 10001, 10001, 10001, 10001, 10001]
[0, 10001, 1, 10001, 10001, 10001, 10001, 10001, 10001, 10001, 10001, 10001, 10001, 10001, 10001, 10001]
[0, 10001, 1, 10001, 2, 10001, 10001, 10001, 10001, 10001, 10001, 10001, 10001, 10001, 10001, 10001]
[0, 10001, 1, 10001, 2, 10001, 10001, 10001, 10001, 10001, 10001, 10001, 10001, 10001, 10001, 10001]
[0, 10001, 1, 10001, 2, 10001, 3, 10001, 10001, 10001, 10001, 10001, 10001, 10001, 10001, 10001]
[0, 10001, 1, 10001, 2, 10001, 3, 10001, 10001, 10001, 10001, 10001, 10001, 10001, 10001, 10001]
[0, 10001, 1, 10001, 2, 10001, 3, 10001, 4, 10001, 10001, 10001, 10001, 10001, 10001, 10001]
[0, 10001, 1, 10001, 2, 10001, 3, 10001, 4, 10001, 10001, 10001, 10001, 10001, 10001, 10001]
[0, 10001, 1, 10001, 2, 10001, 3, 10001, 4, 10001, 5, 10001, 10001, 10001, 10001, 10001]
[0, 10001, 1, 10001, 2, 10001, 3, 10001, 4, 10001, 5, 10001, 10001, 10001, 10001, 10001]
[0, 10001, 1, 10001, 2, 10001, 3, 10001, 4, 10001, 5, 10001, 6, 10001, 10001, 10001]
[0, 10001, 1, 10001, 2, 10001, 3, 10001, 4, 10001, 5, 10001, 6, 10001, 10001, 10001]
[0, 10001, 1, 10001, 2, 10001, 3, 10001, 4, 10001, 5, 10001, 6, 10001, 7, 10001]
[0, 10001, 1, 10001, 2, 10001, 3, 10001, 4, 10001, 5, 10001, 6, 10001, 7, 10001]
[0, 10001, 1, 1, 2, 10001, 3, 10001, 4, 10001, 5, 10001, 6, 10001, 7, 10001]
[0, 10001, 1, 1, 2, 10001, 3, 10001, 4, 10001, 5, 10001, 6, 10001, 7, 10001]
[0, 10001, 1, 1, 2, 2, 3, 10001, 4, 10001, 5, 10001, 6, 10001, 7, 10001]
[0, 10001, 1, 1, 2, 2, 2, 10001, 4, 10001, 5, 10001, 6, 10001, 7, 10001]
[0, 10001, 1, 1, 2, 2, 2, 3, 4, 10001, 5, 10001, 6, 10001, 7, 10001]
[0, 10001, 1, 1, 2, 2, 2, 3, 3, 10001, 5, 10001, 6, 10001, 7, 10001]
[0, 10001, 1, 1, 2, 2, 2, 3, 3, 3, 5, 10001, 6, 10001, 7, 10001]
[0, 10001, 1, 1, 2, 2, 2, 3, 3, 3, 4, 10001, 6, 10001, 7, 10001]
[0, 10001, 1, 1, 2, 2, 2, 3, 3, 3, 4, 4, 6, 10001, 7, 10001]
[0, 10001, 1, 1, 2, 2, 2, 3, 3, 3, 4, 4, 4, 10001, 7, 10001]
[0, 10001, 1, 1, 2, 2, 2, 3, 3, 3, 4, 4, 4, 5, 7, 10001]
[0, 10001, 1, 1, 2, 2, 2, 3, 3, 3, 4, 4, 4, 5, 5, 10001]
[0, 10001, 1, 1, 2, 2, 2, 3, 3, 3, 4, 4, 4, 5, 5, 5]
5

"""

'''
화폐의 종류와 전체 화폐의 가치를 입력해주세요. : 3 4

각 화폐의 가치를 입력해주세요. : 3

각 화폐의 가치를 입력해주세요. : 5

각 화폐의 가치를 입력해주세요. : 7


비정상(for j in range(m+1):)
[0, 10001, 10001, 10001, 10001]
[0, 10001, 10001, 10001, 10001]
[0, 10001, 10001, 10001, 10001]
[0, 10001, 10001, 1, 10001]
[0, 10001, 10001, 1, 10001]
[0, 10001, 10001, 1, 10001]
[0, 10001, 10001, 1, 10001]
[0, 10001, 10001, 1, 10001]
[0, 10001, 10001, 1, 10001]
[0, 10001, 10001, 1, 10001]            #10개-(3:5개, 5:5개)

오류코드
IndexError: list index out of range     # d[j-array[i]]+1 ---> 반례 : 4-7+1=-2


정상(for j in range(array[i],m+1):)
[0, 10001, 10001, 1, 10001]
[0, 10001, 10001, 1, 10001]
-1

IndexError: list index out of range     #d[j-array[i]]+1 4-7+1=-2
'''
